AP: 0.5141308903694153
AP50: 0.8195655941963196
AP75: 0.6596470475196838
APs: -1.0
APm: 0.5555784106254578
APl: 0.5167631506919861
ARmax1: 0.5938775539398193
ARmax10: 0.6612244844436646
ARmax100: 0.6897959113121033
ARs: -1.0
ARm: 0.6972222328186035
ARl: 0.6785714030265808
AP_/class: -1.0
AP_/pollen: 0.5141308903694153
