AP: 0.5187898278236389
AP50: 0.8277891278266907
AP75: 0.6544563174247742
APs: -1.0
APm: 0.5614087581634521
APl: 0.5257865786552429
ARmax1: 0.6000000238418579
ARmax10: 0.6244897842407227
ARmax100: 0.6244897842407227
ARs: -1.0
ARm: 0.6333333253860474
ARl: 0.6142857074737549
AP_/class: -1.0
AP_/pollen: 0.5187898278236389
