AP: 0.5331281423568726
AP50: 0.8447493314743042
AP75: 0.6224943399429321
APs: -1.0
APm: 0.5564239025115967
APl: 0.5163590908050537
ARmax1: 0.5918367505073547
ARmax10: 0.6918367147445679
ARmax100: 0.7061224579811096
ARs: -1.0
ARm: 0.7111111283302307
ARl: 0.6928571462631226
AP_/class: -1.0
AP_/pollen: 0.5331281423568726
