AP: 0.5139250159263611
AP50: 0.8411821126937866
AP75: 0.6161342859268188
APs: -1.0
APm: 0.5428088307380676
APl: 0.5070383548736572
ARmax1: 0.5836734771728516
ARmax10: 0.6448979377746582
ARmax100: 0.6448979377746582
ARs: -1.0
ARm: 0.6499999761581421
ARl: 0.6357142925262451
AP_/class: -1.0
AP_/pollen: 0.5139250159263611
