AP: 0.5609385371208191
AP50: 0.8794569969177246
AP75: 0.62977534532547
APs: -1.0
APm: 0.5784827470779419
APl: 0.5615667700767517
ARmax1: 0.6020408272743225
ARmax10: 0.6877551078796387
ARmax100: 0.699999988079071
ARs: -1.0
ARm: 0.7111111283302307
ARl: 0.6785714030265808
AP_/class: -1.0
AP_/pollen: 0.5609385371208191
