AP: 0.5499953627586365
AP50: 0.8993842601776123
AP75: 0.601618766784668
APs: -1.0
APm: 0.5714501738548279
APl: 0.5456624031066895
ARmax1: 0.5938775539398193
ARmax10: 0.6346938610076904
ARmax100: 0.6346938610076904
ARs: -1.0
ARm: 0.6388888955116272
ARl: 0.6285714507102966
AP_/class: -1.0
AP_/pollen: 0.5499953627586365
