AP: 0.5367512106895447
AP50: 0.819598376750946
AP75: 0.577581524848938
APs: -1.0
APm: 0.5549415946006775
APl: 0.5380527973175049
ARmax1: 0.5959183573722839
ARmax10: 0.6244897842407227
ARmax100: 0.6244897842407227
ARs: -1.0
ARm: 0.6388888955116272
ARl: 0.6000000238418579
AP_/class: -1.0
AP_/pollen: 0.5367512106895447
