AP: 0.5528686046600342
AP50: 0.8468040227890015
AP75: 0.6809169054031372
APs: -1.0
APm: 0.6028882265090942
APl: 0.5163756012916565
ARmax1: 0.6224489808082581
ARmax10: 0.7020407915115356
ARmax100: 0.722449004650116
ARs: -1.0
ARm: 0.730555534362793
ARl: 0.7071428298950195
AP_/class: -1.0
AP_/pollen: 0.5528686046600342
