AP: 0.529582679271698
AP50: 0.8246872425079346
AP75: 0.6525252461433411
APs: -1.0
APm: 0.5926403999328613
APl: 0.48784521222114563
ARmax1: 0.6061224341392517
ARmax10: 0.6530612111091614
ARmax100: 0.6530612111091614
ARs: -1.0
ARm: 0.6666666865348816
ARl: 0.6357142925262451
AP_/class: -1.0
AP_/pollen: 0.529582679271698
