AP: 0.5124095678329468
AP50: 0.7799813151359558
AP75: 0.568159282207489
APs: -1.0
APm: 0.5416441559791565
APl: 0.5205539464950562
ARmax1: 0.6000000238418579
ARmax10: 0.6469388008117676
ARmax100: 0.6673469543457031
ARs: -1.0
ARm: 0.6861110925674438
ARl: 0.6357142925262451
AP_/class: -1.0
AP_/pollen: 0.5124095678329468
