AP: 0.45536211133003235
AP50: 0.7711955904960632
AP75: 0.5119847059249878
APs: -1.0
APm: 0.4616422653198242
APl: 0.5029796361923218
ARmax1: 0.4897959232330322
ARmax10: 0.6346938610076904
ARmax100: 0.6469388008117676
ARs: -1.0
ARm: 0.644444465637207
ARl: 0.6571428775787354
AP_/class: -1.0
AP_/pollen: 0.45536211133003235
