AP: 0.4610465466976166
AP50: 0.8119204640388489
AP75: 0.4833768904209137
APs: -1.0
APm: 0.46455350518226624
APl: 0.5033147931098938
ARmax1: 0.5020408034324646
ARmax10: 0.6102041006088257
ARmax100: 0.6163265109062195
ARs: -1.0
ARm: 0.6083333492279053
ARl: 0.6428571343421936
AP_/class: -1.0
AP_/pollen: 0.4610465466976166
