AP: 0.3946836590766907
AP50: 0.7375005483627319
AP75: 0.3358210027217865
APs: -1.0
APm: 0.4492729902267456
APl: 0.36141255497932434
ARmax1: 0.5224489569664001
ARmax10: 0.5408163070678711
ARmax100: 0.5530612468719482
ARs: -1.0
ARm: 0.574999988079071
ARl: 0.5142857432365417
AP_/class: -1.0
AP_/pollen: 0.3946836590766907
