AP: 0.4088369905948639
AP50: 0.7368836402893066
AP75: 0.35983628034591675
APs: -1.0
APm: 0.45468300580978394
APl: 0.4064304530620575
ARmax1: 0.5326530337333679
ARmax10: 0.6000000238418579
ARmax100: 0.6142857074737549
ARs: -1.0
ARm: 0.6277777552604675
ARl: 0.5928571224212646
AP_/class: -1.0
AP_/pollen: 0.4088369905948639
